160 186 191 194 380 466 479 487 541 748 776 813 837 878 882 982 
25 48 55 443 448 484 523 646 646 693 750 788 833 853 854 944 964 
169 172 248 255 311 331 356 393 468 493 753 830 872 888 928 969 979 986 
42 57 82 110 121 121 136 239 311 372 402 427 466 690 691 831 904 906 942 976 
3 30 146 180 491 509 551 584 624 653 740 799 830 
29 56 89 116 140 149 220 377 378 448 516 783 822 824 828 834 920 
37 39 48 196 217 267 287 364 463 499 556 634 713 797 800 841 992 
99 189 234 245 339 441 479 504 568 641 671 680 800 846 963 
58 157 172 186 262 311 364 387 471 479 487 507 689 737 754 797 911 920 
10 73 92 160 271 290 317 423 462 513 525 594 618 782 831 855 859 914 989 
60 95 122 132 170 266 294 343 347 414 496 709 816 860 932 935 956 
10 23 26 97 234 372 403 442 498 509 528 547 569 613 746 
63 108 276 322 325 326 329 375 423 466 576 654 733 736 834 930 942 947 956 
166 223 258 274 345 431 581 629 678 698 751 817 835 840 
15 126 131 133 275 281 339 473 509 538 556 586 610 702 981 
27 32 87 307 351 396 465 478 512 533 578 672 717 800 889 944 972 991 
0 38 117 145 323 331 409 481 488 518 543 568 641 652 754 887 905 908 
51 56 72 74 164 211 214 285 434 539 602 606 658 729 871 
118 132 146 176 189 272 329 334 459 499 499 501 604 641 659 795 879 985 
42 70 110 130 293 328 459 462 559 588 747 762 773 809 964 973 990 
46 83 181 197 287 321 339 419 467 713 734 739 769 869 951 957 962 997 
44 50 115 225 370 503 556 734 797 925 951 984 
196 211 258 308 351 457 553 576 612 651 656 702 812 827 862 924 933 
61 136 149 172 271 358 444 455 658 747 770 779 789 805 919 
128 139 