4205
6862
8405
2092
6031
7134
0031
9377
2088
6764
5255
9365
4194
0637
9176
0586
3618
5103
4276
7122
8445
5629
1225
8539
8326
4141
1254
9751
6394
1416
4165
4923
9626
4118
0377
6865
9418
1278
8263
7062
3117
4702
2721
1928
0496
0393
3196
6002
2738
3823
9155
0194
3597
3364
3651
7670
3207
2731
7889
0576
6211
5725
3413
5949
4953
8996
0473
2741
8608
5229
3853
8840
6710
4008
4505
5239
1093
9064
6166
1464
7033
5177
6708
1319
9529
6882
8030
1802
1008
5301
7763
6127
3096
1168
5873
0424
6128
2453
0558
8990
5405
2296
6126
5544
6452
4187
2167
3575
5516
2966
1048
7089
5892
1250
8362
5439
8065
4598
8901
0824
1491
1089
6917
6740
5883
2691
0878
1508
6151
8013
2266
3154
3163
8823
5526
8876
8478
8701
6649
8778
1067
0414
7172
7646
4073
8359
0039
9964
3843
8303
1302
5979
5173
7799
8336
4419
3261
7134
2809
4767
3816
6367
3955
5266
4814
8526
6555
7413
0005
4513
8079
7805
9958
9187
5040
8687
0700
8855
7369
2375
9864
8724
8501
5263
0938
3791
5534
6825
3384
6708
2568
1126
3618
2228
3604
5553
9733
1442
8552
8901
2379
3849
0979
5290
7452
6547
0207
1788
2689
5700
4450
0516
2163
5272
0152
5683
4014
4153
8620
5260
2184
2815
4213
4470
4432
0436
6138
3282
6930
8571
8093
5555
2155
4652
5231
9409
2507
9166
1890
7193
3258
9948
2146
8832
7079
3574
4809
5382
4541
6532
6004
4913
4433
1547
8538
0433
7914
0741
4535
1859
5015
9455
4913
5094
9648
6678
0710
0297
3342
4389
8250
1452
5757
2272
5348
2817
4034
8663
0251
2712
8138
8808
0712
3691
8428
6949
7594
9853
1357
3225
9085
0361
4317
3457
1231
5302
5955
2956
6604
7677
3354
3030
3600
3677
1277
6346
6755
2766
4067
7351
1011
2132
0302
8024
5936
4007
0725
4072
3636
5940
3825
0482
0227
6193
6778
9919
9847
0081
8124
3380
5110
1712
3479
7583
4637
1797
2434
0857
5177
9514
2140
8240
7968
1265
1539
6531
1947
5172
0758
1659
7618
5393
8943
8382
1146
7143
9760
8681
4089
5457
6361
1535
6605
5699
3977
1386
5391
1422
3842
6772
6380
1993
8324
6057
0432
3278
1081
2724
0022
7924
6349
4151
3150
1497
5566
4184
9147
9341
1256
0370
3729
8517
4099
7585
6076
7419
4575
4842
7580
9811
3360
7133
1007
7504
3877
4165
2743
2274
1498
6799
4248
8732
2047
9962
7331
6131
3855
6552
8432
4941
3774
2609
9869
7651
7257
5664
6359
3106
3538
0002
2788
4273
6702
3737
6320
7373
2334
3827
4181
5572
5048
6960
1370
8891
0236
4827
1770
0879
8184
5983
0064
9158
1290
0621
8514
8792
0512
3339
8114
1365
8896
4780
4888
6913
6929
4654
9757
2332
8379
0575
3310
1215
6580
3893
7022
6754
7492
7373
8225
3251
3425
1359
9519
5401
1177
3883
9032
3206
7473
3874
5468
9871
2432
1998
5654
4054
4554
6345
9420
4622
