31 2088 2092 4205 5255 6031 6764 6862 7134 8405 9176 9365 9377 
586 637 1225 3618 4194 4276 5103 5629 6394 7122 8326 8445 8539 9626 9751 
377 1254 1278 1416 4118 4141 4165 4702 4923 6865 7062 8263 9418 
393 496 1928 2721 2738 3117 3196 3364 3597 3651 3823 6002 6211 7670 7889 9155 
194 576 2731 2741 3207 3413 3853 4953 5229 5725 5949 6710 8608 8840 8996 9064 
473 1093 1464 4008 4505 5177 5239 6166 6708 6882 7033 7763 8030 9529 
1008 1168 1319 1802 2453 3096 5301 5405 5873 6126 6127 6128 6452 8990 
424 558 1048 2167 2296 2966 3575 4187 5439 5516 5544 5892 7089 8065 8362 8901 
824 1089 1250 1491 1508 2691 4598 5883 6151 6740 6917 8013 8478 8701 8823 8876 
878 1067 2266 3154 3163 4073 5526 6649 7172 7646 8303 8359 8778 9964 
39 414 1302 3261 3843 4419 4767 5173 5979 6367 7134 7799 8336 8526 
5 2809 3816 3955 4513 4814 5040 5266 6555 7413 7805 8079 8687 8724 8855 9187 9864 9958 
700 938 2375 3384 3791 5263 5534 6708 6825 7369 8501 9733 
1126 1442 2228 2379 2568 3604 3618 3849 5290 5553 6547 7452 8552 8901 
207 516 979 1788 2163 2689 4014 4153 4450 5260 5272 5683 5700 8620 
152 436 2184 2815 3282 4213 4432 4470 4652 5231 5555 6138 6930 7193 8093 8571 9166 9409 9948 
1890 2146 2155 2507 3258 3574 4541 4809 4913 5382 6004 6532 7079 7914 8538 8832 9455 
433 741 1547 1859 4433 4535 4913 5015 5094 6678 8250 9648 
297 710 1452 2272 2817 3342 4034 4389 5348 5757 8138 8428 8663 8808 9853 
251 712 1357 2712 3225 3457 3691 4317 5302 5955 6604 6949 7594 7677 9085 
361 1231 1277 2766 2956 3030 3354 3600 3677 4067 5936 6346 6755 7351 8024 
302 725 1011 2132 3636 3825 4007 4072 5940 6193 6778 8124 9847 9919 
81 227 482 1712 1797 2434 3380 3479 4637 5110 5177 7583 7968 8240 9514 
758 857 1265 1539 1659 1947 2140 5172 5393 6531 7143 7618 8382 8681 8943 9760 
1146 1386 1535 3977 4089 5391 5457 5699 6361 6380 6605 6772 8324 
432 1081 1422 1993 2724 3150 3278 3842 4151 4184 5566 6057 6349 7924 8517 9147 9341 
22 370 1256 1497 3729 4099 4575 4842 6076 7133 7419 7504 7580 7585 9811 
1007 1498 2274 2743 3360 3877 4165 4248 6131 6552 6799 7331 8432 8732 9869 9962 
2047 2609 3106 3538 3774 3855 4273 4941 5664 6320 6359 6702 7257 7373 7651 
2 2334 2788 3737 3827 4181 4827 5048 5572 5983 6960 8184 8891 9158 
64 236 512 621 879 1290 1365 1370 1770 3339 4780 4888 6913 6929 8114 8379 8514 8792 8896 9757 
575 1215 2332 3310 3893 4654 6580 6754 7022 7373 7492 8225 9032 9519 
1177 1359 3206 3251 3425 3874 3883 4054 4554 5401 5468 5654  6345  7473  9420  9871  
